QB,RB,RB,WR,WR,WR,TE,FLEX,DST,,Instructions
,,,,,,,,,,1. Locate the player you want to select in the list below 
,,,,,,,,,,2. Copy the ID of your player (you can use the Name + ID column or the ID column) 
,,,,,,,,,,3. Paste the ID into the roster position desired 
,,,,,,,,,,4. You must include an ID for each player; you cannot use just the player's name 
,,,,,,,,,,5. You can create up to 500 lineups per file 
 
,,,,,,,,,,Position,Name + ID,Name,ID,Roster Position,Salary,Game Info,TeamAbbrev,AvgPointsPerGame
,,,,,,,,,,WR,Tyreek Hill (31326617),Tyreek Hill,31326617,WR/FLEX,9600,MIA@WAS 12/03/2023 01:00PM ET,MIA,27.48
,,,,,,,,,,RB,Christian McCaffrey (31326383),Christian McCaffrey,31326383,RB/FLEX,9000,SF@PHI 12/03/2023 04:25PM ET,SF,26.07
,,,,,,,,,,WR,Keenan Allen (31326619),Keenan Allen,31326619,WR/FLEX,9000,LAC@NE 12/03/2023 01:00PM ET,LAC,24.66
,,,,,,,,,,WR,A.J. Brown (31326621),A.J. Brown,31326621,WR/FLEX,8800,SF@PHI 12/03/2023 04:25PM ET,PHI,21.64
,,,,,,,,,,WR,Amon-Ra St. Brown (31326623),Amon-Ra St. Brown,31326623,WR/FLEX,8500,DET@NO 12/03/2023 01:00PM ET,DET,22.96
,,,,,,,,,,RB,Austin Ekeler (31326385),Austin Ekeler,31326385,RB/FLEX,8300,LAC@NE 12/03/2023 01:00PM ET,LAC,16.3
,,,,,,,,,,QB,Jalen Hurts (31326318),Jalen Hurts,31326318,QB,8200,SF@PHI 12/03/2023 04:25PM ET,PHI,25.62
,,,,,,,,,,RB,Alvin Kamara (31326387),Alvin Kamara,31326387,RB/FLEX,8200,DET@NO 12/03/2023 01:00PM ET,NO,19.9
,,,,,,,,,,QB,C.J. Stroud (31326319),C.J. Stroud,31326319,QB,8100,DEN@HOU 12/03/2023 01:00PM ET,HOU,22.71
,,,,,,,,,,QB,Justin Herbert (31326320),Justin Herbert,31326320,QB,8000,LAC@NE 12/03/2023 01:00PM ET,LAC,21.86
,,,,,,,,,,QB,Tua Tagovailoa (31326321),Tua Tagovailoa,31326321,QB,7900,MIA@WAS 12/03/2023 01:00PM ET,MIA,20.01
,,,,,,,,,,WR,Cooper Kupp (31326629),Cooper Kupp,31326629,WR/FLEX,7800,CLE@LAR 12/03/2023 04:25PM ET,LAR,11.47
,,,,,,,,,,WR,Mike Evans (31326625),Mike Evans,31326625,WR/FLEX,7700,CAR@TB 12/03/2023 04:05PM ET,TB,18.09
,,,,,,,,,,WR,Jaylen Waddle (31326627),Jaylen Waddle,31326627,WR/FLEX,7600,MIA@WAS 12/03/2023 01:00PM ET,MIA,14.61
,,,,,,,,,,WR,Tank Dell (31326631),Tank Dell,31326631,WR/FLEX,7400,DEN@HOU 12/03/2023 01:00PM ET,HOU,17.4
,,,,,,,,,,WR,DeVonta Smith (31326633),DeVonta Smith,31326633,WR/FLEX,7300,SF@PHI 12/03/2023 04:25PM ET,PHI,14.98
,,,,,,,,,,RB,Raheem Mostert (31326389),Raheem Mostert,31326389,RB/FLEX,7300,MIA@WAS 12/03/2023 01:00PM ET,MIA,19.03
,,,,,,,,,,WR,Brandon Aiyuk (31326635),Brandon Aiyuk,31326635,WR/FLEX,7200,SF@PHI 12/03/2023 04:25PM ET,SF,17.51
,,,,,,,,,,RB,Kyren Williams (31326391),Kyren Williams,31326391,RB/FLEX,7200,CLE@LAR 12/03/2023 04:25PM ET,LAR,22.64
,,,,,,,,,,RB,Jonathan Taylor (31326393),Jonathan Taylor,31326393,RB/FLEX,7100,IND@TEN 12/03/2023 01:00PM ET,IND,14.44
,,,,,,,,,,WR,Michael Pittman Jr. (31326637),Michael Pittman Jr.,31326637,WR/FLEX,7100,IND@TEN 12/03/2023 01:00PM ET,IND,16.4
,,,,,,,,,,QB,Kyler Murray (31326322),Kyler Murray,31326322,QB,7000,ARI@PIT 12/03/2023 01:00PM ET,ARI,20.45
,,,,,,,,,,WR,Puka Nacua (31326639),Puka Nacua,31326639,WR/FLEX,7000,CLE@LAR 12/03/2023 04:25PM ET,LAR,17.86
,,,,,,,,,,WR,Chris Olave (31326641),Chris Olave,31326641,WR/FLEX,6900,DET@NO 12/03/2023 01:00PM ET,NO,15.19
,,,,,,,,,,RB,De'Von Achane (31326395),De'Von Achane,31326395,RB/FLEX,6900,MIA@WAS 12/03/2023 01:00PM ET,MIA,22.64
,,,,,,,,,,RB,Derrick Henry (31326397),Derrick Henry,31326397,RB/FLEX,6800,IND@TEN 12/03/2023 01:00PM ET,TEN,14.34
,,,,,,,,,,WR,Nico Collins (31326643),Nico Collins,31326643,WR/FLEX,6800,DEN@HOU 12/03/2023 01:00PM ET,HOU,16.9
,,,,,,,,,,RB,Jahmyr Gibbs (31326401),Jahmyr Gibbs,31326401,RB/FLEX,6700,DET@NO 12/03/2023 01:00PM ET,DET,17.6
,,,,,,,,,,RB,Bijan Robinson (31326399),Bijan Robinson,31326399,RB/FLEX,6700,ATL@NYJ 12/03/2023 01:00PM ET,ATL,15.12
,,,,,,,,,,RB,D'Andre Swift (31326403),D'Andre Swift,31326403,RB/FLEX,6600,SF@PHI 12/03/2023 04:25PM ET,PHI,15.1
,,,,,,,,,,WR,Adam Thielen (31326645),Adam Thielen,31326645,WR/FLEX,6600,CAR@TB 12/03/2023 04:05PM ET,CAR,16.86
,,,,,,,,,,QB,Jared Goff (31326323),Jared Goff,31326323,QB,6500,DET@NO 12/03/2023 01:00PM ET,DET,19.48
,,,,,,,,,,RB,David Montgomery (31326405),David Montgomery,31326405,RB/FLEX,6500,DET@NO 12/03/2023 01:00PM ET,DET,18.2
,,,,,,,,,,RB,Breece Hall (31326407),Breece Hall,31326407,RB/FLEX,6400,ATL@NYJ 12/03/2023 01:00PM ET,NYJ,14.26
,,,,,,,,,,RB,Rachaad White (31326409),Rachaad White,31326409,RB/FLEX,6300,CAR@TB 12/03/2023 04:05PM ET,TB,15.21
,,,,,,,,,,WR,Chris Godwin (31326647),Chris Godwin,31326647,WR/FLEX,6300,CAR@TB 12/03/2023 04:05PM ET,TB,11.46
,,,,,,,,,,WR,Deebo Samuel (31326649),Deebo Samuel,31326649,WR/FLEX,6200,SF@PHI 12/03/2023 04:25PM ET,SF,13.58
,,,,,,,,,,TE,George Kittle (31326991),George Kittle,31326991,TE/FLEX,6200,SF@PHI 12/03/2023 04:25PM ET,SF,13.54
,,,,,,,,,,QB,Sam Howell (31326324),Sam Howell,31326324,QB,6200,MIA@WAS 12/03/2023 01:00PM ET,WAS,20.64
,,,,,,,,,,QB,Brock Purdy (31326325),Brock Purdy,31326325,QB,6100,SF@PHI 12/03/2023 04:25PM ET,SF,19.64
,,,,,,,,,,WR,DeAndre Hopkins (31326651),DeAndre Hopkins,31326651,WR/FLEX,6100,IND@TEN 12/03/2023 01:00PM ET,TEN,13.22
,,,,,,,,,,RB,Brian Robinson Jr. (31326413),Brian Robinson Jr.,31326413,RB/FLEX,6100,MIA@WAS 12/03/2023 01:00PM ET,WAS,14.55
,,,,,,,,,,RB,Rhamondre Stevenson (31326415),Rhamondre Stevenson,31326415,RB/FLEX,6000,LAC@NE 12/03/2023 01:00PM ET,NE,12.98
,,,,,,,,,,WR,Garrett Wilson (31326653),Garrett Wilson,31326653,WR/FLEX,6000,ATL@NYJ 12/03/2023 01:00PM ET,NYJ,13.92
,,,,,,,,,,RB,Devin Singletary (31326411),Devin Singletary,31326411,RB/FLEX,5900,DEN@HOU 12/03/2023 01:00PM ET,HOU,9.13
,,,,,,,,,,QB,Matthew Stafford (31326326),Matthew Stafford,31326326,QB,5900,CLE@LAR 12/03/2023 04:25PM ET,LAR,16.27
,,,,,,,,,,RB,James Conner (31326417),James Conner,31326417,RB/FLEX,5800,ARI@PIT 12/03/2023 01:00PM ET,ARI,10.65
,,,,,,,,,,QB,Russell Wilson (31326327),Russell Wilson,31326327,QB,5700,DEN@HOU 12/03/2023 01:00PM ET,DEN,18.05
,,,,,,,,,,RB,Javonte Williams (31326419),Javonte Williams,31326419,RB/FLEX,5700,DEN@HOU 12/03/2023 01:00PM ET,DEN,10.69
,,,,,,,,,,WR,Amari Cooper (31326655),Amari Cooper,31326655,WR/FLEX,5700,CLE@LAR 12/03/2023 04:25PM ET,CLE,13.14
,,,,,,,,,,QB,Derek Carr (31326328),Derek Carr,31326328,QB,5600,DET@NO 12/03/2023 01:00PM ET,NO,14.13
,,,,,,,,,,TE,Sam LaPorta (31326993),Sam LaPorta,31326993,TE/FLEX,5600,DET@NO 12/03/2023 01:00PM ET,DET,12.99
,,,,,,,,,,QB,Baker Mayfield (31326329),Baker Mayfield,31326329,QB,5500,CAR@TB 12/03/2023 04:05PM ET,TB,16.80
,,,,,,,,,,WR,Terry McLaurin (31326657),Terry McLaurin,31326657,WR/FLEX,5500,MIA@WAS 12/03/2023 01:00PM ET,WAS,12.28
,,,,,,,,,,RB,Jerome Ford (31326421),Jerome Ford,31326421,RB/FLEX,5500,CLE@LAR 12/03/2023 04:25PM ET,CLE,13.01
,,,,,,,,,,RB,Jaylen Warren (31326423),Jaylen Warren,31326423,RB/FLEX,5400,ARI@PIT 12/03/2023 01:00PM ET,PIT,12.63
,,,,,,,,,,WR,Courtland Sutton (31326659),Courtland Sutton,31326659,WR/FLEX,5400,DEN@HOU 12/03/2023 01:00PM ET,DEN,13.54
,,,,,,,,,,RB,Chuba Hubbard (31326425),Chuba Hubbard,31326425,RB/FLEX,5300,CAR@TB 12/03/2023 04:05PM ET,CAR,9.26
,,,,,,,,,,QB,Gardner Minshew II (31326330),Gardner Minshew II,31326330,QB,5300,IND@TEN 12/03/2023 01:00PM ET,IND,11.72
,,,,,,,,,,TE,Taysom Hill (31326995),Taysom Hill,31326995,TE/FLEX,5200,DET@NO 12/03/2023 01:00PM ET,NO,9.45
,,,,,,,,,,RB,Najee Harris (31326427),Najee Harris,31326427,RB/FLEX,5200,ARI@PIT 12/03/2023 01:00PM ET,PIT,10.4
,,,,,,,,,,WR,Marquise Brown (31326661),Marquise Brown,31326661,WR/FLEX,5200,ARI@PIT 12/03/2023 01:00PM ET,ARI,11.22
,,,,,,,,,,QB,Will Levis (31326331),Will Levis,31326331,QB,5200,IND@TEN 12/03/2023 01:00PM ET,TEN,12.78
,,,,,,,,,,QB,Kenny Pickett (31326332),Kenny Pickett,31326332,QB,5100,ARI@PIT 12/03/2023 01:00PM ET,PIT,10.1
,,,,,,,,,,WR,Josh Downs (31326663),Josh Downs,31326663,WR/FLEX,5100,IND@TEN 12/03/2023 01:00PM ET,IND,10.87
,,,,,,,,,,RB,Dameon Pierce (31326429),Dameon Pierce,31326429,RB/FLEX,5100,DEN@HOU 12/03/2023 01:00PM ET,HOU,7.36
,,,,,,,,,,QB,Desmond Ridder (31326333),Desmond Ridder,31326333,QB,5000,ATL@NYJ 12/03/2023 01:00PM ET,ATL,14.07
,,,,,,,,,,WR,Diontae Johnson (31326665),Diontae Johnson,31326665,WR/FLEX,5000,ARI@PIT 12/03/2023 01:00PM ET,PIT,10.64
,,,,,,,,,,TE,Dalton Schultz (31326997),Dalton Schultz,31326997,TE/FLEX,5000,DEN@HOU 12/03/2023 01:00PM ET,HOU,10.68
,,,,,,,,,,QB,Easton Stick (31326335),Easton Stick,31326335,QB,4900,LAC@NE 12/03/2023 01:00PM ET,LAC,0
,,,,,,,,,,RB,Joshua Kelley (31326431),Joshua Kelley,31326431,RB/FLEX,4900,LAC@NE 12/03/2023 01:00PM ET,LAC,4.97
,,,,,,,,,,WR,Drake London (31326667),Drake London,31326667,WR/FLEX,4900,ATL@NYJ 12/03/2023 01:00PM ET,ATL,11.74
,,,,,,,,,,TE,Trey McBride (31326999),Trey McBride,31326999,TE/FLEX,4900,ARI@PIT 12/03/2023 01:00PM ET,ARI,9.09
,,,,,,,,,,QB,Bryce Young (31326334),Bryce Young,31326334,QB,4900,CAR@TB 12/03/2023 04:05PM ET,CAR,11.72
,,,,,,,,,,QB,Marcus Mariota (31326337),Marcus Mariota,31326337,QB,4800,SF@PHI 12/03/2023 04:25PM ET,PHI,0
,,,,,,,,,,TE,Dallas Goedert (31327001),Dallas Goedert,31327001,TE/FLEX,4800,SF@PHI 12/03/2023 04:25PM ET,PHI,10.44
,,,,,,,,,,QB,Mac Jones (31326338),Mac Jones,31326338,QB,4800,LAC@NE 12/03/2023 01:00PM ET,NE,11.22
,,,,,,,,,,QB,Bailey Zappe (31326340),Bailey Zappe,31326340,QB,4800,LAC@NE 12/03/2023 01:00PM ET,NE,1.08
,,,,,,,,,,QB,Tim Boyle (31326339),Tim Boyle,31326339,QB,4800,ATL@NYJ 12/03/2023 01:00PM ET,NYJ,4.89
,,,,,,,,,,WR,George Pickens (31326669),George Pickens,31326669,WR/FLEX,4800,ARI@PIT 12/03/2023 01:00PM ET,PIT,12.24
,,,,,,,,,,RB,Samaje Perine (31326433),Samaje Perine,31326433,RB/FLEX,4800,DEN@HOU 12/03/2023 01:00PM ET,DEN,8
,,,,,,,,,,QB,Dorian Thompson-Robinson (31326336),Dorian Thompson-Robinson,31326336,QB,4800,CLE@LAR 12/03/2023 04:25PM ET,CLE,4.73
,,,,,,,,,,QB,Jarrett Stidham (31326341),Jarrett Stidham,31326341,QB,4700,DEN@HOU 12/03/2023 01:00PM ET,DEN,0
,,,,,,,,,,WR,Jerry Jeudy (31326671),Jerry Jeudy,31326671,WR/FLEX,4700,DEN@HOU 12/03/2023 01:00PM ET,DEN,8.7
,,,,,,,,,,QB,P.J. Walker (31326342),P.J. Walker,31326342,QB,4700,CLE@LAR 12/03/2023 04:25PM ET,CLE,4.49
,,,,,,,,,,RB,Kareem Hunt (31326435),Kareem Hunt,31326435,RB/FLEX,4700,CLE@LAR 12/03/2023 04:25PM ET,CLE,8.83
,,,,,,,,,,QB,Sam Darnold (31326349),Sam Darnold,31326349,QB,4600,SF@PHI 12/03/2023 04:25PM ET,SF,-0.10
,,,,,,,,,,QB,Jameis Winston (31326343),Jameis Winston,31326343,QB,4600,DET@NO 12/03/2023 01:00PM ET,NO,3.38
,,,,,,,,,,QB,Teddy Bridgewater (31326348),Teddy Bridgewater,31326348,QB,4600,DET@NO 12/03/2023 01:00PM ET,DET,-0.2
,,,,,,,,,,QB,Taylor Heinicke (31326347),Taylor Heinicke,31326347,QB,4600,ATL@NYJ 12/03/2023 01:00PM ET,ATL,12.57
,,,,,,,,,,QB,Mitch Trubisky (31326346),Mitch Trubisky,31326346,QB,4600,ARI@PIT 12/03/2023 01:00PM ET,PIT,5.02
,,,,,,,,,,QB,Clayton Tune (31326353),Clayton Tune,31326353,QB,4600,ARI@PIT 12/03/2023 01:00PM ET,ARI,2.60
,,,,,,,,,,QB,Andy Dalton (31326345),Andy Dalton,31326345,QB,4600,CAR@TB 12/03/2023 04:05PM ET,CAR,8.88
,,,,,,,,,,QB,Kyle Trask (31326350),Kyle Trask,31326350,QB,4600,CAR@TB 12/03/2023 04:05PM ET,TB,-0.05
,,,,,,,,,,QB,Ryan Tannehill (31326344),Ryan Tannehill,31326344,QB,4600,IND@TEN 12/03/2023 01:00PM ET,TEN,9.52
,,,,,,,,,,RB,Zack Moss (31326437),Zack Moss,31326437,RB/FLEX,4600,IND@TEN 12/03/2023 01:00PM ET,IND,14.3
,,,,,,,,,,QB,Mike White (31326351),Mike White,31326351,QB,4600,MIA@WAS 12/03/2023 01:00PM ET,MIA,1.66
,,,,,,,,,,RB,Jeff Wilson Jr. (31326439),Jeff Wilson Jr.,31326439,RB/FLEX,4600,MIA@WAS 12/03/2023 01:00PM ET,MIA,6.05
,,,,,,,,,,WR,Jahan Dotson (31326673),Jahan Dotson,31326673,WR/FLEX,4600,MIA@WAS 12/03/2023 01:00PM ET,WAS,9.38
,,,,,,,,,,QB,Joe Flacco (31326352),Joe Flacco,31326352,QB,4600,CLE@LAR 12/03/2023 04:25PM ET,CLE,0
,,,,,,,,,,QB,Tanner McKee (31326357),Tanner McKee,31326357,QB,4500,SF@PHI 12/03/2023 04:25PM ET,PHI,0
,,,,,,,,,,RB,Jordan Mason (31326447),Jordan Mason,31326447,RB/FLEX,4500,SF@PHI 12/03/2023 04:25PM ET,SF,2.36
,,,,,,,,,,RB,Kenneth Gainwell (31326449),Kenneth Gainwell,31326449,RB/FLEX,4500,SF@PHI 12/03/2023 04:25PM ET,PHI,6
,,,,,,,,,,RB,Ezekiel Elliott (31326441),Ezekiel Elliott,31326441,RB/FLEX,4500,LAC@NE 12/03/2023 01:00PM ET,NE,7.28
,,,,,,,,,,WR,Rashid Shaheed (31326677),Rashid Shaheed,31326677,WR/FLEX,4500,DET@NO 12/03/2023 01:00PM ET,NO,10.52
,,,,,,,,,,QB,Zach Wilson (31326354),Zach Wilson,31326354,QB,4500,ATL@NYJ 12/03/2023 01:00PM ET,NYJ,11.37
,,,,,,,,,,QB,Trevor Siemian (31326359),Trevor Siemian,31326359,QB,4500,ATL@NYJ 12/03/2023 01:00PM ET,NYJ,0
,,,,,,,,,,RB,Tyler Allgeier (31326443),Tyler Allgeier,31326443,RB/FLEX,4500,ATL@NYJ 12/03/2023 01:00PM ET,ATL,7.9
,,,,,,,,,,QB,Sam Ehlinger (31326358),Sam Ehlinger,31326358,QB,4500,IND@TEN 12/03/2023 01:00PM ET,IND,0
,,,,,,,,,,QB,Jacoby Brissett (31326356),Jacoby Brissett,31326356,QB,4500,MIA@WAS 12/03/2023 01:00PM ET,WAS,0
,,,,,,,,,,RB,Antonio Gibson (31326445),Antonio Gibson,31326445,RB/FLEX,4500,MIA@WAS 12/03/2023 01:00PM ET,WAS,7.94
,,,,,,,,,,QB,Davis Mills (31326355),Davis Mills,31326355,QB,4500,DEN@HOU 12/03/2023 01:00PM ET,HOU,0.08
,,,,,,,,,,WR,Noah Brown (31326675),Noah Brown,31326675,WR/FLEX,4500,DEN@HOU 12/03/2023 01:00PM ET,HOU,15.36
,,,,,,,,,,RB,Royce Freeman (31326451),Royce Freeman,31326451,RB/FLEX,4500,CLE@LAR 12/03/2023 04:25PM ET,LAR,5.15
,,,,,,,,,,QB,Malik Cunningham (31326361),Malik Cunningham,31326361,QB,4400,LAC@NE 12/03/2023 01:00PM ET,NE,0
,,,,,,,,,,RB,Dalvin Cook (31326455),Dalvin Cook,31326455,RB/FLEX,4400,ATL@NYJ 12/03/2023 01:00PM ET,NYJ,3.07
,,,,,,,,,,RB,Emari Demercado (31326457),Emari Demercado,31326457,RB/FLEX,4400,ARI@PIT 12/03/2023 01:00PM ET,ARI,5.04
,,,,,,,,,,RB,Tyjae Spears (31326453),Tyjae Spears,31326453,RB/FLEX,4400,IND@TEN 12/03/2023 01:00PM ET,TEN,7.12
,,,,,,,,,,QB,Carson Wentz (31326360),Carson Wentz,31326360,QB,4400,CLE@LAR 12/03/2023 04:25PM ET,LAR,0
,,,,,,,,,,RB,Elijah Mitchell (31326463),Elijah Mitchell,31326463,RB/FLEX,4300,SF@PHI 12/03/2023 04:25PM ET,SF,2.19
,,,,,,,,,,WR,Demario Douglas (31326679),Demario Douglas,31326679,WR/FLEX,4300,LAC@NE 12/03/2023 01:00PM ET,NE,7.89
,,,,,,,,,,RB,Jamaal Williams (31326461),Jamaal Williams,31326461,RB/FLEX,4300,DET@NO 12/03/2023 01:00PM ET,NO,3.5
,,,,,,,,,,TE,Pat Freiermuth (31327003),Pat Freiermuth,31327003,TE/FLEX,4300,ARI@PIT 12/03/2023 01:00PM ET,PIT,8.5
,,,,,,,,,,RB,Miles Sanders (31326459),Miles Sanders,31326459,RB/FLEX,4300,CAR@TB 12/03/2023 04:05PM ET,CAR,6.72
,,,,,,,,,,RB,Chase Edmonds (31326465),Chase Edmonds,31326465,RB/FLEX,4300,CAR@TB 12/03/2023 04:05PM ET,TB,1.74
,,,,,,,,,,RB,Michael Carter (31326551),Michael Carter,31326551,RB/FLEX,4200,ARI@PIT 12/03/2023 01:00PM ET,ARI,3.3
,,,,,,,,,,RB,Cordarrelle Patterson (31326469),Cordarrelle Patterson,31326469,RB/FLEX,4100,ATL@NYJ 12/03/2023 01:00PM ET,ATL,2.4
,,,,,,,,,,RB,Chris Rodriguez Jr. (31326467),Chris Rodriguez Jr.,31326467,RB/FLEX,4100,MIA@WAS 12/03/2023 01:00PM ET,WAS,1.3
,,,,,,,,,,WR,Curtis Samuel (31326681),Curtis Samuel,31326681,WR/FLEX,4100,MIA@WAS 12/03/2023 01:00PM ET,WAS,10.39
,,,,,,,,,,TE,David Njoku (31327005),David Njoku,31327005,TE/FLEX,4100,CLE@LAR 12/03/2023 04:25PM ET,CLE,10.11
,,,,,,,,,,QB,Brandon Allen (31326382),Brandon Allen,31326382,QB,4000,SF@PHI 12/03/2023 04:25PM ET,SF,0
,,,,,,,,,,RB,Tyrion Davis-Price (31326603),Tyrion Davis-Price,31326603,RB/FLEX,4000,SF@PHI 12/03/2023 04:25PM ET,SF,2.1
,,,,,,,,,,RB,Jeremy McNichols (31326605),Jeremy McNichols,31326605,RB/FLEX,4000,SF@PHI 12/03/2023 04:25PM ET,SF,0
,,,,,,,,,,RB,Kyle Juszczyk (31326607),Kyle Juszczyk,31326607,RB/FLEX,4000,SF@PHI 12/03/2023 04:25PM ET,SF,2.46
,,,,,,,,,,RB,Rashaad Penny (31326609),Rashaad Penny,31326609,RB/FLEX,4000,SF@PHI 12/03/2023 04:25PM ET,PHI,1.6
,,,,,,,,,,RB,Lew Nichols III (31326611),Lew Nichols III,31326611,RB/FLEX,4000,SF@PHI 12/03/2023 04:25PM ET,PHI,0
,,,,,,,,,,RB,Boston Scott (31326613),Boston Scott,31326613,RB/FLEX,4000,SF@PHI 12/03/2023 04:25PM ET,PHI,1.36
,,,,,,,,,,QB,Max Duggan (31326381),Max Duggan,31326381,QB,4000,LAC@NE 12/03/2023 01:00PM ET,LAC,0
,,,,,,,,,,RB,Isaiah Spiller (31326589),Isaiah Spiller,31326589,RB/FLEX,4000,LAC@NE 12/03/2023 01:00PM ET,LAC,1.54
,,,,,,,,,,RB,Elijah Dotson (31326591),Elijah Dotson,31326591,RB/FLEX,4000,LAC@NE 12/03/2023 01:00PM ET,LAC,0.98
,,,,,,,,,,RB,Zander Horvath (31326593),Zander Horvath,31326593,RB/FLEX,4000,LAC@NE 12/03/2023 01:00PM ET,LAC,0
,,,,,,,,,,RB,Jaret Patterson (31326595),Jaret Patterson,31326595,RB/FLEX,4000,LAC@NE 12/03/2023 01:00PM ET,LAC,0
,,,,,,,,,,RB,Ty Montgomery II (31326597),Ty Montgomery II,31326597,RB/FLEX,4000,LAC@NE 12/03/2023 01:00PM ET,NE,0.64
,,,,,,,,,,RB,JaMycal Hasty (31326599),JaMycal Hasty,31326599,RB/FLEX,4000,LAC@NE 12/03/2023 01:00PM ET,NE,0
,,,,,,,,,,RB,Kevin Harris (31326601),Kevin Harris,31326601,RB/FLEX,4000,LAC@NE 12/03/2023 01:00PM ET,NE,0
,,,,,,,,,,WR,Quentin Johnston (31326683),Quentin Johnston,31326683,WR/FLEX,4000,LAC@NE 12/03/2023 01:00PM ET,LAC,4.2
,,,,,,,,,,DST,Chargers  (31327209),Chargers ,31327209,DST,4000,LAC@NE 12/03/2023 01:00PM ET,LAC,7
,,,,,,,,,,QB,Jake Haener (31326377),Jake Haener,31326377,QB,4000,DET@NO 12/03/2023 01:00PM ET,NO,0
,,,,,,,,,,QB,Hendon Hooker (31326378),Hendon Hooker,31326378,QB,4000,DET@NO 12/03/2023 01:00PM ET,DET,0
,,,,,,,,,,QB,Nate Sudfeld (31326379),Nate Sudfeld,31326379,QB,4000,DET@NO 12/03/2023 01:00PM ET,DET,0
,,,,,,,,,,QB,David Blough (31326380),David Blough,31326380,QB,4000,DET@NO 12/03/2023 01:00PM ET,DET,0
,,,,,,,,,,RB,Kendre Miller (31326573),Kendre Miller,31326573,RB/FLEX,4000,DET@NO 12/03/2023 01:00PM ET,NO,4.06
,,,,,,,,,,RB,Eno Benjamin (31326575),Eno Benjamin,31326575,RB/FLEX,4000,DET@NO 12/03/2023 01:00PM ET,NO,0
,,,,,,,,,,RB,Adam Prentice (31326577),Adam Prentice,31326577,RB/FLEX,4000,DET@NO 12/03/2023 01:00PM ET,NO,0.14
,,,,,,,,,,RB,Jordan Mims (31326579),Jordan Mims,31326579,RB/FLEX,4000,DET@NO 12/03/2023 01:00PM ET,NO,0
,,,,,,,,,,RB,Craig Reynolds (31326581),Craig Reynolds,31326581,RB/FLEX,4000,DET@NO 12/03/2023 01:00PM ET,DET,2.87
,,,,,,,,,,RB,Zonovan Knight (31326583),Zonovan Knight,31326583,RB/FLEX,4000,DET@NO 12/03/2023 01:00PM ET,DET,1.55
,,,,,,,,,,RB,Jermar Jefferson (31326585),Jermar Jefferson,31326585,RB/FLEX,4000,DET@NO 12/03/2023 01:00PM ET,DET,0
,,,,,,,,,,RB,Jason Cabinda (31326587),Jason Cabinda,31326587,RB/FLEX,4000,DET@NO 12/03/2023 01:00PM ET,DET,0
,,,,,,,,,,QB,Aaron Rodgers (31326375),Aaron Rodgers,31326375,QB,4000,ATL@NYJ 12/03/2023 01:00PM ET,NYJ,0
,,,,,,,,,,QB,Logan Woodside (31326376),Logan Woodside,31326376,QB,4000,ATL@NYJ 12/03/2023 01:00PM ET,ATL,0
,,,,,,,,,,RB,Israel Abanikanda (31326559),Israel Abanikanda,31326559,RB/FLEX,4000,ATL@NYJ 12/03/2023 01:00PM ET,NYJ,2.6
,,,,,,,,,,RB,Xazavian Valladay (31326561),Xazavian Valladay,31326561,RB/FLEX,4000,ATL@NYJ 12/03/2023 01:00PM ET,NYJ,0
,,,,,,,,,,RB,Nick Bawden (31326563),Nick Bawden,31326563,RB/FLEX,4000,ATL@NYJ 12/03/2023 01:00PM ET,NYJ,0.86
,,,,,,,,,,RB,Avery Williams (31326565),Avery Williams,31326565,RB/FLEX,4000,ATL@NYJ 12/03/2023 01:00PM ET,ATL,0
,,,,,,,,,,RB,Carlos Washington Jr. (31326567),Carlos Washington Jr.,31326567,RB/FLEX,4000,ATL@NYJ 12/03/2023 01:00PM ET,ATL,0
,,,,,,,,,,RB,Keith Smith (31326569),Keith Smith,31326569,RB/FLEX,4000,ATL@NYJ 12/03/2023 01:00PM ET,ATL,0.63
,,,,,,,,,,RB,B.J. Baylor (31326571),B.J. Baylor,31326571,RB/FLEX,4000,ATL@NYJ 12/03/2023 01:00PM ET,ATL,0
,,,,,,,,,,QB,Mason Rudolph (31326373),Mason Rudolph,31326373,QB,4000,ARI@PIT 12/03/2023 01:00PM ET,PIT,0
,,,,,,,,,,QB,Jeff Driskel (31326374),Jeff Driskel,31326374,QB,4000,ARI@PIT 12/03/2023 01:00PM ET,ARI,0
,,,,,,,,,,RB,Godwin Igwebuike (31326541),Godwin Igwebuike,31326541,RB/FLEX,4000,ARI@PIT 12/03/2023 01:00PM ET,PIT,0
,,,,,,,,,,RB,Anthony McFarland Jr. (31326543),Anthony McFarland Jr.,31326543,RB/FLEX,4000,ARI@PIT 12/03/2023 01:00PM ET,PIT,1.03
,,,,,,,,,,RB,Alfonzo Graham (31326545),Alfonzo Graham,31326545,RB/FLEX,4000,ARI@PIT 12/03/2023 01:00PM ET,PIT,0
,,,,,,,,,,RB,Qadree Ollison (31326547),Qadree Ollison,31326547,RB/FLEX,4000,ARI@PIT 12/03/2023 01:00PM ET,PIT,0
,,,,,,,,,,RB,Jack Colletto (31326549),Jack Colletto,31326549,RB/FLEX,4000,ARI@PIT 12/03/2023 01:00PM ET,PIT,0
,,,,,,,,,,RB,Marlon Mack (31326553),Marlon Mack,31326553,RB/FLEX,4000,ARI@PIT 12/03/2023 01:00PM ET,ARI,0
,,,,,,,,,,RB,Corey Clement (31326555),Corey Clement,31326555,RB/FLEX,4000,ARI@PIT 12/03/2023 01:00PM ET,ARI,0
,,,,,,,,,,RB,Tony Jones Jr. (31326557),Tony Jones Jr.,31326557,RB/FLEX,4000,ARI@PIT 12/03/2023 01:00PM ET,ARI,4.6
,,,,,,,,,,RB,Keaontay Ingram (31326615),Keaontay Ingram,31326615,RB/FLEX,4000,ARI@PIT 12/03/2023 01:00PM ET,ARI,1.75
,,,,,,,,,,QB,Jake Luton (31326371),Jake Luton,31326371,QB,4000,CAR@TB 12/03/2023 04:05PM ET,CAR,0
,,,,,,,,,,QB,John Wolford (31326372),John Wolford,31326372,QB,4000,CAR@TB 12/03/2023 04:05PM ET,TB,0
,,,,,,,,,,RB,Raheem Blackshear (31326531),Raheem Blackshear,31326531,RB/FLEX,4000,CAR@TB 12/03/2023 04:05PM ET,CAR,2.02
,,,,,,,,,,RB,Spencer Brown (31326533),Spencer Brown,31326533,RB/FLEX,4000,CAR@TB 12/03/2023 04:05PM ET,CAR,0
,,,,,,,,,,RB,Sean Tucker (31326535),Sean Tucker,31326535,RB/FLEX,4000,CAR@TB 12/03/2023 04:05PM ET,TB,0.58
,,,,,,,,,,RB,Ke'Shawn Vaughn (31326537),Ke'Shawn Vaughn,31326537,RB/FLEX,4000,CAR@TB 12/03/2023 04:05PM ET,TB,1.07
,,,,,,,,,,RB,Patrick Laird (31326539),Patrick Laird,31326539,RB/FLEX,4000,CAR@TB 12/03/2023 04:05PM ET,TB,0
,,,,,,,,,,QB,Anthony Richardson (31326368),Anthony Richardson,31326368,QB,4000,IND@TEN 12/03/2023 01:00PM ET,IND,18.67
,,,,,,,,,,QB,Kellen Mond (31326369),Kellen Mond,31326369,QB,4000,IND@TEN 12/03/2023 01:00PM ET,IND,0
,,,,,,,,,,QB,Malik Willis (31326370),Malik Willis,31326370,QB,4000,IND@TEN 12/03/2023 01:00PM ET,TEN,1.35
,,,,,,,,,,RB,Trey Sermon (31326517),Trey Sermon,31326517,RB/FLEX,4000,IND@TEN 12/03/2023 01:00PM ET,IND,0.42
,,,,,,,,,,RB,Evan Hull (31326519),Evan Hull,31326519,RB/FLEX,4000,IND@TEN 12/03/2023 01:00PM ET,IND,1.7
,,,,,,,,,,RB,Zavier Scott (31326521),Zavier Scott,31326521,RB/FLEX,4000,IND@TEN 12/03/2023 01:00PM ET,IND,0
,,,,,,,,,,RB,Tyler Goodson (31326523),Tyler Goodson,31326523,RB/FLEX,4000,IND@TEN 12/03/2023 01:00PM ET,IND,0
,,,,,,,,,,RB,Hassan Haskins (31326525),Hassan Haskins,31326525,RB/FLEX,4000,IND@TEN 12/03/2023 01:00PM ET,TEN,0
,,,,,,,,,,RB,Julius Chestnut (31326527),Julius Chestnut,31326527,RB/FLEX,4000,IND@TEN 12/03/2023 01:00PM ET,TEN,0
,,,,,,,,,,RB,Jonathan Ward (31326529),Jonathan Ward,31326529,RB/FLEX,4000,IND@TEN 12/03/2023 01:00PM ET,TEN,0
,,,,,,,,,,QB,Jake Fromm (31326366),Jake Fromm,31326366,QB,4000,MIA@WAS 12/03/2023 01:00PM ET,WAS,0
,,,,,,,,,,QB,Skylar Thompson (31326367),Skylar Thompson,31326367,QB,4000,MIA@WAS 12/03/2023 01:00PM ET,MIA,0
,,,,,,,,,,RB,Salvon Ahmed (31326475),Salvon Ahmed,31326475,RB/FLEX,4000,MIA@WAS 12/03/2023 01:00PM ET,MIA,5.36
,,,,,,,,,,RB,Jonathan Williams (31326505),Jonathan Williams,31326505,RB/FLEX,4000,MIA@WAS 12/03/2023 01:00PM ET,WAS,0
,,,,,,,,,,RB,Alex Armah (31326507),Alex Armah,31326507,RB/FLEX,4000,MIA@WAS 12/03/2023 01:00PM ET,WAS,0.58
,,,,,,,,,,RB,Derrick Gore (31326509),Derrick Gore,31326509,RB/FLEX,4000,MIA@WAS 12/03/2023 01:00PM ET,WAS,0.77
,,,,,,,,,,RB,Chris Brooks (31326511),Chris Brooks,31326511,RB/FLEX,4000,MIA@WAS 12/03/2023 01:00PM ET,MIA,1.57
,,,,,,,,,,RB,Alec Ingold (31326513),Alec Ingold,31326513,RB/FLEX,4000,MIA@WAS 12/03/2023 01:00PM ET,MIA,1.44
,,,,,,,,,,RB,Darrynton Evans (31326515),Darrynton Evans,31326515,RB/FLEX,4000,MIA@WAS 12/03/2023 01:00PM ET,MIA,5
,,,,,,,,,,QB,Ben DiNucci (31326364),Ben DiNucci,31326364,QB,4000,DEN@HOU 12/03/2023 01:00PM ET,DEN,0
,,,,,,,,,,QB,Case Keenum (31326365),Case Keenum,31326365,QB,4000,DEN@HOU 12/03/2023 01:00PM ET,HOU,0
,,,,,,,,,,RB,Jaleel McLaughlin (31326473),Jaleel McLaughlin,31326473,RB/FLEX,4000,DEN@HOU 12/03/2023 01:00PM ET,DEN,6.67
,,,,,,,,,,RB,Dwayne Washington (31326487),Dwayne Washington,31326487,RB/FLEX,4000,DEN@HOU 12/03/2023 01:00PM ET,DEN,0
,,,,,,,,,,RB,Tyler Badie (31326489),Tyler Badie,31326489,RB/FLEX,4000,DEN@HOU 12/03/2023 01:00PM ET,DEN,0
,,,,,,,,,,RB,Michael Burton (31326491),Michael Burton,31326491,RB/FLEX,4000,DEN@HOU 12/03/2023 01:00PM ET,DEN,0.33
,,,,,,,,,,RB,Mike Boone (31326493),Mike Boone,31326493,RB/FLEX,4000,DEN@HOU 12/03/2023 01:00PM ET,HOU,1.48
,,,,,,,,,,RB,Dare Ogunbowale (31326495),Dare Ogunbowale,31326495,RB/FLEX,4000,DEN@HOU 12/03/2023 01:00PM ET,HOU,0.07
,,,,,,,,,,RB,Troy Hairston (31326497),Troy Hairston,31326497,RB/FLEX,4000,DEN@HOU 12/03/2023 01:00PM ET,HOU,0
,,,,,,,,,,RB,Gerrid Doaks (31326499),Gerrid Doaks,31326499,RB/FLEX,4000,DEN@HOU 12/03/2023 01:00PM ET,HOU,0
,,,,,,,,,,RB,J.J. Taylor (31326501),J.J. Taylor,31326501,RB/FLEX,4000,DEN@HOU 12/03/2023 01:00PM ET,HOU,0
,,,,,,,,,,RB,Andrew Beck (31326503),Andrew Beck,31326503,RB/FLEX,4000,DEN@HOU 12/03/2023 01:00PM ET,HOU,1.67
,,,,,,,,,,QB,Stetson Bennett (31326362),Stetson Bennett,31326362,QB,4000,CLE@LAR 12/03/2023 04:25PM ET,LAR,0
,,,,,,,,,,QB,Deshaun Watson (31326363),Deshaun Watson,31326363,QB,4000,CLE@LAR 12/03/2023 04:25PM ET,CLE,15.47
,,,,,,,,,,RB,Darrell Henderson Jr. (31326471),Darrell Henderson Jr.,31326471,RB/FLEX,4000,CLE@LAR 12/03/2023 04:25PM ET,LAR,10.88
,,,,,,,,,,RB,Zach Evans (31326477),Zach Evans,31326477,RB/FLEX,4000,CLE@LAR 12/03/2023 04:25PM ET,LAR,0.27
,,,,,,,,,,RB,Ronnie Rivers (31326479),Ronnie Rivers,31326479,RB/FLEX,4000,CLE@LAR 12/03/2023 04:25PM ET,LAR,1.92
,,,,,,,,,,RB,Pierre Strong Jr. (31326481),Pierre Strong Jr.,31326481,RB/FLEX,4000,CLE@LAR 12/03/2023 04:25PM ET,CLE,2.56
,,,,,,,,,,RB,Nick Chubb (31326483),Nick Chubb,31326483,RB/FLEX,4000,CLE@LAR 12/03/2023 04:25PM ET,CLE,13.05
,,,,,,,,,,RB,Kenyan Drake (31326485),Kenyan Drake,31326485,RB/FLEX,4000,CLE@LAR 12/03/2023 04:25PM ET,CLE,2.05
,,,,,,,,,,DST,Dolphins  (31327210),Dolphins ,31327210,DST,3900,MIA@WAS 12/03/2023 01:00PM ET,MIA,8.09
,,,,,,,,,,WR,Robert Woods (31326685),Robert Woods,31326685,WR/FLEX,3900,DEN@HOU 12/03/2023 01:00PM ET,HOU,7.62
,,,,,,,,,,TE,Kyle Pitts (31327007),Kyle Pitts,31327007,TE/FLEX,3800,ATL@NYJ 12/03/2023 01:00PM ET,ATL,7.88
,,,,,,,,,,DST,Steelers  (31327211),Steelers ,31327211,DST,3800,ARI@PIT 12/03/2023 01:00PM ET,PIT,9.54
,,,,,,,,,,WR,Tutu Atwell (31326687),Tutu Atwell,31326687,WR/FLEX,3800,CLE@LAR 12/03/2023 04:25PM ET,LAR,9.93
,,,,,,,,,,WR,Greg Dortch (31326689),Greg Dortch,31326689,WR/FLEX,3700,ARI@PIT 12/03/2023 01:00PM ET,ARI,2.41
,,,,,,,,,,TE,Tyler Higbee (31327009),Tyler Higbee,31327009,TE/FLEX,3700,CLE@LAR 12/03/2023 04:25PM ET,LAR,7.02
,,,,,,,,,,DST,Rams  (31327212),Rams ,31327212,DST,3700,CLE@LAR 12/03/2023 04:25PM ET,LAR,4.54
,,,,,,,,,,WR,Jameson Williams (31326691),Jameson Williams,31326691,WR/FLEX,3600,DET@NO 12/03/2023 01:00PM ET,DET,6.06
,,,,,,,,,,DST,Buccaneers  (31327213),Buccaneers ,31327213,DST,3600,CAR@TB 12/03/2023 04:05PM ET,TB,7.46
,,,,,,,,,,TE,Logan Thomas (31327011),Logan Thomas,31327011,TE/FLEX,3600,MIA@WAS 12/03/2023 01:00PM ET,WAS,9.42
,,,,,,,,,,WR,Jauan Jennings (31326695),Jauan Jennings,31326695,WR/FLEX,3500,SF@PHI 12/03/2023 04:25PM ET,SF,3.36
,,,,,,,,,,TE,Gerald Everett (31327013),Gerald Everett,31327013,TE/FLEX,3500,LAC@NE 12/03/2023 01:00PM ET,LAC,7.16
,,,,,,,,,,DST,Jets  (31327214),Jets ,31327214,DST,3500,ATL@NYJ 12/03/2023 01:00PM ET,NYJ,8.73
,,,,,,,,,,WR,Elijah Moore (31326693),Elijah Moore,31326693,WR/FLEX,3500,CLE@LAR 12/03/2023 04:25PM ET,CLE,8.17
,,,,,,,,,,WR,Josh Reynolds (31326697),Josh Reynolds,31326697,WR/FLEX,3400,DET@NO 12/03/2023 01:00PM ET,DET,8.53
,,,,,,,,,,TE,Juwan Johnson (31327015),Juwan Johnson,31327015,TE/FLEX,3400,DET@NO 12/03/2023 01:00PM ET,NO,5.46
,,,,,,,,,,DST,Falcons  (31327215),Falcons ,31327215,DST,3400,ATL@NYJ 12/03/2023 01:00PM ET,ATL,5.82
,,,,,,,,,,WR,Rondale Moore (31326701),Rondale Moore,31326701,WR/FLEX,3400,ARI@PIT 12/03/2023 01:00PM ET,ARI,6.75
,,,,,,,,,,WR,Treylon Burks (31326699),Treylon Burks,31326699,WR/FLEX,3400,IND@TEN 12/03/2023 01:00PM ET,TEN,4.32
,,,,,,,,,,WR,Jalen Guyton (31326709),Jalen Guyton,31326709,WR/FLEX,3300,LAC@NE 12/03/2023 01:00PM ET,LAC,5.17
,,,,,,,,,,WR,DeVante Parker (31326715),DeVante Parker,31326715,WR/FLEX,3300,LAC@NE 12/03/2023 01:00PM ET,NE,4.75
,,,,,,,,,,TE,Donald Parham Jr. (31327017),Donald Parham Jr.,31327017,TE/FLEX,3300,LAC@NE 12/03/2023 01:00PM ET,LAC,5.53
,,,,,,,,,,WR,A.T. Perry (31326711),A.T. Perry,31326711,WR/FLEX,3300,DET@NO 12/03/2023 01:00PM ET,NO,3.38
,,,,,,,,,,WR,Mack Hollins (31326713),Mack Hollins,31326713,WR/FLEX,3300,ATL@NYJ 12/03/2023 01:00PM ET,ATL,4.63
,,,,,,,,,,WR,Jonathan Mingo (31326703),Jonathan Mingo,31326703,WR/FLEX,3300,CAR@TB 12/03/2023 04:05PM ET,CAR,5.66
,,,,,,,,,,WR,Alec Pierce (31326707),Alec Pierce,31326707,WR/FLEX,3300,IND@TEN 12/03/2023 01:00PM ET,IND,4.64
,,,,,,,,,,WR,Marvin Mims Jr. (31326705),Marvin Mims Jr.,31326705,WR/FLEX,3300,DEN@HOU 12/03/2023 01:00PM ET,DEN,5.29
,,,,,,,,,,DST,Texans  (31327216),Texans ,31327216,DST,3300,DEN@HOU 12/03/2023 01:00PM ET,HOU,6.46
,,,,,,,,,,WR,JuJu Smith-Schuster (31326729),JuJu Smith-Schuster,31326729,WR/FLEX,3200,LAC@NE 12/03/2023 01:00PM ET,NE,5.1
,,,,,,,,,,WR,Kalif Raymond (31326727),Kalif Raymond,31326727,WR/FLEX,3200,DET@NO 12/03/2023 01:00PM ET,DET,6.82
,,,,,,,,,,WR,Allen Lazard (31326721),Allen Lazard,31326721,WR/FLEX,3200,ATL@NYJ 12/03/2023 01:00PM ET,NYJ,5.5
,,,,,,,,,,TE,Jonnu Smith (31327019),Jonnu Smith,31327019,TE/FLEX,3200,ATL@NYJ 12/03/2023 01:00PM ET,ATL,8.3
,,,,,,,,,,WR,Michael Wilson (31326723),Michael Wilson,31326723,WR/FLEX,3200,ARI@PIT 12/03/2023 01:00PM ET,ARI,9.28
,,,,,,,,,,WR,DJ Chark Jr. (31326717),DJ Chark Jr.,31326717,WR/FLEX,3200,CAR@TB 12/03/2023 04:05PM ET,CAR,7.14
,,,,,,,,,,WR,Trey Palmer (31326719),Trey Palmer,31326719,WR/FLEX,3200,CAR@TB 12/03/2023 04:05PM ET,TB,5.48
,,,,,,,,,,TE,Cade Otton (31327021),Cade Otton,31327021,TE/FLEX,3200,CAR@TB 12/03/2023 04:05PM ET,TB,8.34
,,,,,,,,,,WR,Nick Westbrook-Ikhine (31326725),Nick Westbrook-Ikhine,31326725,WR/FLEX,3200,IND@TEN 12/03/2023 01:00PM ET,TEN,6.37
,,,,,,,,,,DST,Colts  (31327217),Colts ,31327217,DST,3200,IND@TEN 12/03/2023 01:00PM ET,IND,8.54
,,,,,,,,,,WR,Julio Jones (31326737),Julio Jones,31326737,WR/FLEX,3100,SF@PHI 12/03/2023 04:25PM ET,PHI,2.52
,,,,,,,,,,WR,Ray-Ray McCloud III (31326743),Ray-Ray McCloud III,31326743,WR/FLEX,3100,SF@PHI 12/03/2023 04:25PM ET,SF,2.06
,,,,,,,,,,TE,Hunter Henry (31327023),Hunter Henry,31327023,TE/FLEX,3100,LAC@NE 12/03/2023 01:00PM ET,NE,7.07
,,,,,,,,,,WR,Van Jefferson (31326733),Van Jefferson,31326733,WR/FLEX,3100,ATL@NYJ 12/03/2023 01:00PM ET,ATL,2.8
,,,,,,,,,,WR,Xavier Gipson (31326741),Xavier Gipson,31326741,WR/FLEX,3100,ATL@NYJ 12/03/2023 01:00PM ET,NYJ,2.06
,,,,,,,,,,TE,Zach Ertz (31327027),Zach Ertz,31327027,TE/FLEX,3100,ARI@PIT 12/03/2023 01:00PM ET,ARI,7.39
,,,,,,,,,,WR,Chris Moore (31326731),Chris Moore,31326731,WR/FLEX,3100,IND@TEN 12/03/2023 01:00PM ET,TEN,3.99
,,,,,,,,,,TE,Chig Okonkwo (31327025),Chig Okonkwo,31327025,TE/FLEX,3100,IND@TEN 12/03/2023 01:00PM ET,TEN,5.23
,,,,,,,,,,WR,Jamison Crowder (31326735),Jamison Crowder,31326735,WR/FLEX,3100,MIA@WAS 12/03/2023 01:00PM ET,WAS,3.01
,,,,,,,,,,WR,Cedric Tillman (31326739),Cedric Tillman,31326739,WR/FLEX,3100,CLE@LAR 12/03/2023 04:25PM ET,CLE,1.79
,,,,,,,,,,DST,Browns  (31327218),Browns ,31327218,DST,3100,CLE@LAR 12/03/2023 04:25PM ET,CLE,9.73
,,,,,,,,,,WR,Ronnie Bell (31326965),Ronnie Bell,31326965,WR/FLEX,3000,SF@PHI 12/03/2023 04:25PM ET,SF,1.37
,,,,,,,,,,WR,Danny Gray (31326967),Danny Gray,31326967,WR/FLEX,3000,SF@PHI 12/03/2023 04:25PM ET,SF,0
,,,,,,,,,,WR,Chris Conley (31326969),Chris Conley,31326969,WR/FLEX,3000,SF@PHI 12/03/2023 04:25PM ET,SF,0
,,,,,,,,,,WR,Tay Martin (31326971),Tay Martin,31326971,WR/FLEX,3000,SF@PHI 12/03/2023 04:25PM ET,SF,0
,,,,,,,,,,WR,Willie Snead IV (31326973),Willie Snead IV,31326973,WR/FLEX,3000,SF@PHI 12/03/2023 04:25PM ET,SF,0.63
,,,,,,,,,,WR,Isaiah Winstead (31326975),Isaiah Winstead,31326975,WR/FLEX,3000,SF@PHI 12/03/2023 04:25PM ET,SF,0
,,,,,,,,,,WR,Quez Watkins (31326977),Quez Watkins,31326977,WR/FLEX,3000,SF@PHI 12/03/2023 04:25PM ET,PHI,1.52
,,,,,,,,,,WR,Olamide Zaccheaus (31326979),Olamide Zaccheaus,31326979,WR/FLEX,3000,SF@PHI 12/03/2023 04:25PM ET,PHI,2.78
,,,,,,,,,,WR,Britain Covey (31326981),Britain Covey,31326981,WR/FLEX,3000,SF@PHI 12/03/2023 04:25PM ET,PHI,0
,,,,,,,,,,WR,Devon Allen (31326983),Devon Allen,31326983,WR/FLEX,3000,SF@PHI 12/03/2023 04:25PM ET,PHI,0
,,,,,,,,,,WR,Greg Ward (31326985),Greg Ward,31326985,WR/FLEX,3000,SF@PHI 12/03/2023 04:25PM ET,PHI,0
,,,,,,,,,,WR,Joseph Ngata (31326987),Joseph Ngata,31326987,WR/FLEX,3000,SF@PHI 12/03/2023 04:25PM ET,PHI,0
,,,,,,,,,,DST,49ers  (31327222),49ers ,31327222,DST,3000,SF@PHI 12/03/2023 04:25PM ET,SF,9.09
,,,,,,,,,,WR,Alex Erickson (31326937),Alex Erickson,31326937,WR/FLEX,3000,LAC@NE 12/03/2023 01:00PM ET,LAC,2.45
,,,,,,,,,,WR,Derius Davis (31326939),Derius Davis,31326939,WR/FLEX,3000,LAC@NE 12/03/2023 01:00PM ET,LAC,2.71
,,,,,,,,,,WR,Simi Fehoko (31326941),Simi Fehoko,31326941,WR/FLEX,3000,LAC@NE 12/03/2023 01:00PM ET,LAC,1.32
,,,,,,,,,,WR,Mike Williams (31326943),Mike Williams,31326943,WR/FLEX,3000,LAC@NE 12/03/2023 01:00PM ET,LAC,17.73
,,,,,,,,,,WR,Joshua Palmer (31326945),Joshua Palmer,31326945,WR/FLEX,3000,LAC@NE 12/03/2023 01:00PM ET,LAC,9.81
,,,,,,,,,,WR,Keelan Doss (31326947),Keelan Doss,31326947,WR/FLEX,3000,LAC@NE 12/03/2023 01:00PM ET,LAC,0
,,,,,,,,,,WR,Terrell Bynum (31326949),Terrell Bynum,31326949,WR/FLEX,3000,LAC@NE 12/03/2023 01:00PM ET,LAC,0
,,,,,,,,,,WR,Kayshon Boutte (31326951),Kayshon Boutte,31326951,WR/FLEX,3000,LAC@NE 12/03/2023 01:00PM ET,NE,1.3
,,,,,,,,,,WR,Tyquan Thornton (31326953),Tyquan Thornton,31326953,WR/FLEX,3000,LAC@NE 12/03/2023 01:00PM ET,NE,2.18
,,,,,,,,,,WR,Matthew Slater (31326955),Matthew Slater,31326955,WR/FLEX,3000,LAC@NE 12/03/2023 01:00PM ET,NE,0
,,,,,,,,,,WR,Jalen Reagor (31326957),Jalen Reagor,31326957,WR/FLEX,3000,LAC@NE 12/03/2023 01:00PM ET,NE,0.84
,,,,,,,,,,WR,Kendrick Bourne (31326959),Kendrick Bourne,31326959,WR/FLEX,3000,LAC@NE 12/03/2023 01:00PM ET,NE,12.62
,,,,,,,,,,WR,Tre Nixon (31326961),Tre Nixon,31326961,WR/FLEX,3000,LAC@NE 12/03/2023 01:00PM ET,NE,0
,,,,,,,,,,WR,T.J. Luther (31326963),T.J. Luther,31326963,WR/FLEX,3000,LAC@NE 12/03/2023 01:00PM ET,NE,0
,,,,,,,,,,WR,Michael Thomas (31326745),Michael Thomas,31326745,WR/FLEX,3000,DET@NO 12/03/2023 01:00PM ET,NO,8.98
,,,,,,,,,,WR,Lynn Bowden Jr. (31326919),Lynn Bowden Jr.,31326919,WR/FLEX,3000,DET@NO 12/03/2023 01:00PM ET,NO,0.69
,,,,,,,,,,WR,Keith Kirkwood (31326921),Keith Kirkwood,31326921,WR/FLEX,3000,DET@NO 12/03/2023 01:00PM ET,NO,0.64
,,,,,,,,,,WR,Jontre Kirklin (31326923),Jontre Kirklin,31326923,WR/FLEX,3000,DET@NO 12/03/2023 01:00PM ET,NO,0
,,,,,,,,,,WR,Marquez Callaway (31326925),Marquez Callaway,31326925,WR/FLEX,3000,DET@NO 12/03/2023 01:00PM ET,NO,0
,,,,,,,,,,WR,Donovan Peoples-Jones (31326927),Donovan Peoples-Jones,31326927,WR/FLEX,3000,DET@NO 12/03/2023 01:00PM ET,DET,1.97
,,,,,,,,,,WR,Antoine Green (31326929),Antoine Green,31326929,WR/FLEX,3000,DET@NO 12/03/2023 01:00PM ET,DET,0.15
,,,,,,,,,,WR,Dylan Drummond (31326931),Dylan Drummond,31326931,WR/FLEX,3000,DET@NO 12/03/2023 01:00PM ET,DET,0
,,,,,,,,,,WR,Daurice Fountain (31326933),Daurice Fountain,31326933,WR/FLEX,3000,DET@NO 12/03/2023 01:00PM ET,DET,0
,,,,,,,,,,WR,Maurice Alexander (31326935),Maurice Alexander,31326935,WR/FLEX,3000,DET@NO 12/03/2023 01:00PM ET,DET,0
,,,,,,,,,,DST,Lions  (31327219),Lions ,31327219,DST,3000,DET@NO 12/03/2023 01:00PM ET,DET,6
,,,,,,,,,,WR,Scotty Miller (31326747),Scotty Miller,31326747,WR/FLEX,3000,ATL@NYJ 12/03/2023 01:00PM ET,ATL,2.54
,,,,,,,,,,WR,KhaDarel Hodge (31326749),KhaDarel Hodge,31326749,WR/FLEX,3000,ATL@NYJ 12/03/2023 01:00PM ET,ATL,2.81
,,,,,,,,,,WR,Jason Brownlee (31326903),Jason Brownlee,31326903,WR/FLEX,3000,ATL@NYJ 12/03/2023 01:00PM ET,NYJ,1.33
,,,,,,,,,,WR,Randall Cobb (31326905),Randall Cobb,31326905,WR/FLEX,3000,ATL@NYJ 12/03/2023 01:00PM ET,NYJ,1
,,,,,,,,,,WR,Irvin Charles (31326907),Irvin Charles,31326907,WR/FLEX,3000,ATL@NYJ 12/03/2023 01:00PM ET,NYJ,0
,,,,,,,,,,WR,Malik Taylor (31326909),Malik Taylor,31326909,WR/FLEX,3000,ATL@NYJ 12/03/2023 01:00PM ET,NYJ,1.1
,,,,,,,,,,WR,Lance McCutcheon (31326911),Lance McCutcheon,31326911,WR/FLEX,3000,ATL@NYJ 12/03/2023 01:00PM ET,NYJ,0
,,,,,,,,,,WR,Chris Blair (31326913),Chris Blair,31326913,WR/FLEX,3000,ATL@NYJ 12/03/2023 01:00PM ET,ATL,0
,,,,,,,,,,WR,Josh Ali (31326915),Josh Ali,31326915,WR/FLEX,3000,ATL@NYJ 12/03/2023 01:00PM ET,ATL,0
,,,,,,,,,,WR,Frank Darby (31326917),Frank Darby,31326917,WR/FLEX,3000,ATL@NYJ 12/03/2023 01:00PM ET,ATL,0
,,,,,,,,,,TE,Tyler Conklin (31327031),Tyler Conklin,31327031,TE/FLEX,3000,ATL@NYJ 12/03/2023 01:00PM ET,NYJ,7.31
,,,,,,,,,,WR,Allen Robinson II (31326881),Allen Robinson II,31326881,WR/FLEX,3000,ARI@PIT 12/03/2023 01:00PM ET,PIT,3.77
,,,,,,,,,,WR,Calvin Austin III (31326883),Calvin Austin III,31326883,WR/FLEX,3000,ARI@PIT 12/03/2023 01:00PM ET,PIT,3.82
,,,,,,,,,,WR,Miles Boykin (31326885),Miles Boykin,31326885,WR/FLEX,3000,ARI@PIT 12/03/2023 01:00PM ET,PIT,0.28
,,,,,,,,,,WR,Duece Watts (31326887),Duece Watts,31326887,WR/FLEX,3000,ARI@PIT 12/03/2023 01:00PM ET,PIT,0
,,,,,,,,,,WR,Dez Fitzpatrick (31326889),Dez Fitzpatrick,31326889,WR/FLEX,3000,ARI@PIT 12/03/2023 01:00PM ET,PIT,0
,,,,,,,,,,WR,Denzel Mims (31326891),Denzel Mims,31326891,WR/FLEX,3000,ARI@PIT 12/03/2023 01:00PM ET,PIT,0
,,,,,,,,,,WR,Zach Pascal (31326893),Zach Pascal,31326893,WR/FLEX,3000,ARI@PIT 12/03/2023 01:00PM ET,ARI,0.59
,,,,,,,,,,WR,Andre Baccellia (31326895),Andre Baccellia,31326895,WR/FLEX,3000,ARI@PIT 12/03/2023 01:00PM ET,ARI,0
,,,,,,,,,,WR,Daniel Arias (31326897),Daniel Arias,31326897,WR/FLEX,3000,ARI@PIT 12/03/2023 01:00PM ET,ARI,0
,,,,,,,,,,WR,Kaden Davis (31326899),Kaden Davis,31326899,WR/FLEX,3000,ARI@PIT 12/03/2023 01:00PM ET,ARI,0
,,,,,,,,,,WR,Dan Chisena (31326901),Dan Chisena,31326901,WR/FLEX,3000,ARI@PIT 12/03/2023 01:00PM ET,ARI,0
,,,,,,,,,,WR,Laviska Shenault Jr. (31326857),Laviska Shenault Jr.,31326857,WR/FLEX,3000,CAR@TB 12/03/2023 04:05PM ET,CAR,2.69
,,,,,,,,,,WR,Ihmir Smith-Marsette (31326859),Ihmir Smith-Marsette,31326859,WR/FLEX,3000,CAR@TB 12/03/2023 04:05PM ET,CAR,0.76
,,,,,,,,,,WR,Terrace Marshall Jr. (31326861),Terrace Marshall Jr.,31326861,WR/FLEX,3000,CAR@TB 12/03/2023 04:05PM ET,CAR,3.92
,,,,,,,,,,WR,Mike Strachan (31326863),Mike Strachan,31326863,WR/FLEX,3000,CAR@TB 12/03/2023 04:05PM ET,CAR,2.75
,,,,,,,,,,WR,Matt Landers (31326865),Matt Landers,31326865,WR/FLEX,3000,CAR@TB 12/03/2023 04:05PM ET,CAR,0
,,,,,,,,,,WR,Deven Thompkins (31326867),Deven Thompkins,31326867,WR/FLEX,3000,CAR@TB 12/03/2023 04:05PM ET,TB,2.89
,,,,,,,,,,WR,David Moore (31326869),David Moore,31326869,WR/FLEX,3000,CAR@TB 12/03/2023 04:05PM ET,TB,0
,,,,,,,,,,WR,Russell Gage (31326871),Russell Gage,31326871,WR/FLEX,3000,CAR@TB 12/03/2023 04:05PM ET,TB,0
,,,,,,,,,,WR,Rakim Jarrett (31326873),Rakim Jarrett,31326873,WR/FLEX,3000,CAR@TB 12/03/2023 04:05PM ET,TB,1
,,,,,,,,,,WR,Cephus Johnson III (31326875),Cephus Johnson III,31326875,WR/FLEX,3000,CAR@TB 12/03/2023 04:05PM ET,TB,0
,,,,,,,,,,WR,Ryan Miller (31326877),Ryan Miller,31326877,WR/FLEX,3000,CAR@TB 12/03/2023 04:05PM ET,TB,0
,,,,,,,,,,WR,Raleigh Webb (31326879),Raleigh Webb,31326879,WR/FLEX,3000,CAR@TB 12/03/2023 04:05PM ET,TB,0
,,,,,,,,,,WR,D.J. Montgomery (31326835),D.J. Montgomery,31326835,WR/FLEX,3000,IND@TEN 12/03/2023 01:00PM ET,IND,0
,,,,,,,,,,WR,Juwann Winfree (31326837),Juwann Winfree,31326837,WR/FLEX,3000,IND@TEN 12/03/2023 01:00PM ET,IND,0
,,,,,,,,,,WR,Ashton Dulin (31326839),Ashton Dulin,31326839,WR/FLEX,3000,IND@TEN 12/03/2023 01:00PM ET,IND,0
,,,,,,,,,,WR,KJ Hamler (31326841),KJ Hamler,31326841,WR/FLEX,3000,IND@TEN 12/03/2023 01:00PM ET,IND,0
,,,,,,,,,,WR,Tyrie Cleveland (31326843),Tyrie Cleveland,31326843,WR/FLEX,3000,IND@TEN 12/03/2023 01:00PM ET,IND,0
,,,,,,,,,,WR,Kyle Philips (31326845),Kyle Philips,31326845,WR/FLEX,3000,IND@TEN 12/03/2023 01:00PM ET,TEN,4.09
,,,,,,,,,,WR,Colton Dowell (31326847),Colton Dowell,31326847,WR/FLEX,3000,IND@TEN 12/03/2023 01:00PM ET,TEN,0
,,,,,,,,,,WR,Kearis Jackson (31326849),Kearis Jackson,31326849,WR/FLEX,3000,IND@TEN 12/03/2023 01:00PM ET,TEN,0
,,,,,,,,,,WR,Mason Kinsey (31326851),Mason Kinsey,31326851,WR/FLEX,3000,IND@TEN 12/03/2023 01:00PM ET,TEN,0
,,,,,,,,,,WR,Tre'Shaun Harrison (31326853),Tre'Shaun Harrison,31326853,WR/FLEX,3000,IND@TEN 12/03/2023 01:00PM ET,TEN,0
,,,,,,,,,,WR,Shi Smith (31326855),Shi Smith,31326855,WR/FLEX,3000,IND@TEN 12/03/2023 01:00PM ET,TEN,0
,,,,,,,,,,WR,Isaiah McKenzie (31326989),Isaiah McKenzie,31326989,WR/FLEX,3000,IND@TEN 12/03/2023 01:00PM ET,IND,1.78
,,,,,,,,,,WR,Byron Pringle (31326805),Byron Pringle,31326805,WR/FLEX,3000,MIA@WAS 12/03/2023 01:00PM ET,WAS,2.3
,,,,,,,,,,WR,Dyami Brown (31326807),Dyami Brown,31326807,WR/FLEX,3000,MIA@WAS 12/03/2023 01:00PM ET,WAS,2.82
,,,,,,,,,,WR,Mitchell Tinsley (31326809),Mitchell Tinsley,31326809,WR/FLEX,3000,MIA@WAS 12/03/2023 01:00PM ET,WAS,0
,,,,,,,,,,WR,Dax Milne (31326811),Dax Milne,31326811,WR/FLEX,3000,MIA@WAS 12/03/2023 01:00PM ET,WAS,0
,,,,,,,,,,WR,Brycen Tremayne (31326813),Brycen Tremayne,31326813,WR/FLEX,3000,MIA@WAS 12/03/2023 01:00PM ET,WAS,0
,,,,,,,,,,WR,Kazmeir Allen (31326815),Kazmeir Allen,31326815,WR/FLEX,3000,MIA@WAS 12/03/2023 01:00PM ET,WAS,0
,,,,,,,,,,WR,Cedrick Wilson Jr. (31326817),Cedrick Wilson Jr.,31326817,WR/FLEX,3000,MIA@WAS 12/03/2023 01:00PM ET,MIA,4.57
,,,,,,,,,,WR,Braxton Berrios (31326819),Braxton Berrios,31326819,WR/FLEX,3000,MIA@WAS 12/03/2023 01:00PM ET,MIA,4.65
,,,,,,,,,,WR,River Cracraft (31326821),River Cracraft,31326821,WR/FLEX,3000,MIA@WAS 12/03/2023 01:00PM ET,MIA,4.14
,,,,,,,,,,WR,Chase Claypool (31326823),Chase Claypool,31326823,WR/FLEX,3000,MIA@WAS 12/03/2023 01:00PM ET,MIA,2.93
,,,,,,,,,,WR,Robbie Chosen (31326825),Robbie Chosen,31326825,WR/FLEX,3000,MIA@WAS 12/03/2023 01:00PM ET,MIA,3.94
,,,,,,,,,,WR,Erik Ezukanma (31326827),Erik Ezukanma,31326827,WR/FLEX,3000,MIA@WAS 12/03/2023 01:00PM ET,MIA,1.1
,,,,,,,,,,WR,Anthony Schwartz (31326829),Anthony Schwartz,31326829,WR/FLEX,3000,MIA@WAS 12/03/2023 01:00PM ET,MIA,0
,,,,,,,,,,WR,Braylon Sanders (31326831),Braylon Sanders,31326831,WR/FLEX,3000,MIA@WAS 12/03/2023 01:00PM ET,MIA,0
,,,,,,,,,,WR,Freddie Swain (31326833),Freddie Swain,31326833,WR/FLEX,3000,MIA@WAS 12/03/2023 01:00PM ET,MIA,0
,,,,,,,,,,WR,Lil'Jordan Humphrey (31326775),Lil'Jordan Humphrey,31326775,WR/FLEX,3000,DEN@HOU 12/03/2023 01:00PM ET,DEN,1.57
,,,,,,,,,,WR,David Sills V (31326777),David Sills V,31326777,WR/FLEX,3000,DEN@HOU 12/03/2023 01:00PM ET,DEN,0
,,,,,,,,,,WR,Tim Patrick (31326779),Tim Patrick,31326779,WR/FLEX,3000,DEN@HOU 12/03/2023 01:00PM ET,DEN,0
,,,,,,,,,,WR,Brandon Johnson (31326781),Brandon Johnson,31326781,WR/FLEX,3000,DEN@HOU 12/03/2023 01:00PM ET,DEN,5.46
,,,,,,,,,,WR,Jalen Virgil (31326783),Jalen Virgil,31326783,WR/FLEX,3000,DEN@HOU 12/03/2023 01:00PM ET,DEN,0
,,,,,,,,,,WR,Michael Bandy (31326785),Michael Bandy,31326785,WR/FLEX,3000,DEN@HOU 12/03/2023 01:00PM ET,DEN,0
,,,,,,,,,,WR,Phillip Dorsett II (31326787),Phillip Dorsett II,31326787,WR/FLEX,3000,DEN@HOU 12/03/2023 01:00PM ET,DEN,0
,,,,,,,,,,WR,Tre'Quan Smith (31326789),Tre'Quan Smith,31326789,WR/FLEX,3000,DEN@HOU 12/03/2023 01:00PM ET,DEN,0
,,,,,,,,,,WR,John Metchie III (31326791),John Metchie III,31326791,WR/FLEX,3000,DEN@HOU 12/03/2023 01:00PM ET,HOU,2.39
,,,,,,,,,,WR,Xavier Hutchinson (31326793),Xavier Hutchinson,31326793,WR/FLEX,3000,DEN@HOU 12/03/2023 01:00PM ET,HOU,0.97
,,,,,,,,,,WR,Steven Sims (31326795),Steven Sims,31326795,WR/FLEX,3000,DEN@HOU 12/03/2023 01:00PM ET,HOU,2.25
,,,,,,,,,,WR,Jesse Matthews (31326797),Jesse Matthews,31326797,WR/FLEX,3000,DEN@HOU 12/03/2023 01:00PM ET,HOU,0
,,,,,,,,,,WR,Alex Bachman (31326799),Alex Bachman,31326799,WR/FLEX,3000,DEN@HOU 12/03/2023 01:00PM ET,HOU,0
,,,,,,,,,,WR,Jared Wayne (31326801),Jared Wayne,31326801,WR/FLEX,3000,DEN@HOU 12/03/2023 01:00PM ET,HOU,0
,,,,,,,,,,WR,Johnny Johnson III (31326803),Johnny Johnson III,31326803,WR/FLEX,3000,DEN@HOU 12/03/2023 01:00PM ET,HOU,0
,,,,,,,,,,TE,Greg Dulcich (31327029),Greg Dulcich,31327029,TE/FLEX,3000,DEN@HOU 12/03/2023 01:00PM ET,DEN,2.75
,,,,,,,,,,WR,Austin Trammell (31326751),Austin Trammell,31326751,WR/FLEX,3000,CLE@LAR 12/03/2023 04:25PM ET,LAR,0.59
,,,,,,,,,,WR,Ben Skowronek (31326753),Ben Skowronek,31326753,WR/FLEX,3000,CLE@LAR 12/03/2023 04:25PM ET,LAR,1.28
,,,,,,,,,,WR,Demarcus Robinson (31326755),Demarcus Robinson,31326755,WR/FLEX,3000,CLE@LAR 12/03/2023 04:25PM ET,LAR,1.02
,,,,,,,,,,WR,Xavier Smith (31326757),Xavier Smith,31326757,WR/FLEX,3000,CLE@LAR 12/03/2023 04:25PM ET,LAR,0
,,,,,,,,,,WR,Tyler Johnson (31326759),Tyler Johnson,31326759,WR/FLEX,3000,CLE@LAR 12/03/2023 04:25PM ET,LAR,0
,,,,,,,,,,WR,Marquise Goodwin (31326761),Marquise Goodwin,31326761,WR/FLEX,3000,CLE@LAR 12/03/2023 04:25PM ET,CLE,0.91
,,,,,,,,,,WR,David Bell (31326763),David Bell,31326763,WR/FLEX,3000,CLE@LAR 12/03/2023 04:25PM ET,CLE,0.81
,,,,,,,,,,WR,James Proche II (31326765),James Proche II,31326765,WR/FLEX,3000,CLE@LAR 12/03/2023 04:25PM ET,CLE,-0.25
,,,,,,,,,,WR,Jakeem Grant Sr. (31326767),Jakeem Grant Sr.,31326767,WR/FLEX,3000,CLE@LAR 12/03/2023 04:25PM ET,CLE,0
,,,,,,,,,,WR,Michael Woods II (31326769),Michael Woods II,31326769,WR/FLEX,3000,CLE@LAR 12/03/2023 04:25PM ET,CLE,0
,,,,,,,,,,WR,Jaelon Darden (31326771),Jaelon Darden,31326771,WR/FLEX,3000,CLE@LAR 12/03/2023 04:25PM ET,CLE,0
,,,,,,,,,,WR,Austin Watkins Jr. (31326773),Austin Watkins Jr.,31326773,WR/FLEX,3000,CLE@LAR 12/03/2023 04:25PM ET,CLE,0
,,,,,,,,,,DST,Cardinals  (31327220),Cardinals ,31327220,DST,2900,ARI@PIT 12/03/2023 01:00PM ET,ARI,4.83
,,,,,,,,,,TE,Adam Trautman (31327033),Adam Trautman,31327033,TE/FLEX,2900,DEN@HOU 12/03/2023 01:00PM ET,DEN,3.68
,,,,,,,,,,DST,Eagles  (31327225),Eagles ,31327225,DST,2800,SF@PHI 12/03/2023 04:25PM ET,PHI,7.09
,,,,,,,,,,TE,Hayden Hurst (31327035),Hayden Hurst,31327035,TE/FLEX,2800,CAR@TB 12/03/2023 04:05PM ET,CAR,4.71
,,,,,,,,,,DST,Titans  (31327221),Titans ,31327221,DST,2800,IND@TEN 12/03/2023 01:00PM ET,TEN,5.46
,,,,,,,,,,TE,Jack Stoll (31327037),Jack Stoll,31327037,TE/FLEX,2700,SF@PHI 12/03/2023 04:25PM ET,PHI,0.61
,,,,,,,,,,DST,Saints  (31327224),Saints ,31327224,DST,2700,DET@NO 12/03/2023 01:00PM ET,NO,7.82
,,,,,,,,,,DST,Broncos  (31327223),Broncos ,31327223,DST,2700,DEN@HOU 12/03/2023 01:00PM ET,DEN,7.64
,,,,,,,,,,TE,Tommy Tremble (31327039),Tommy Tremble,31327039,TE/FLEX,2600,CAR@TB 12/03/2023 04:05PM ET,CAR,3.58
,,,,,,,,,,TE,Charlie Woerner (31327193),Charlie Woerner,31327193,TE/FLEX,2500,SF@PHI 12/03/2023 04:25PM ET,SF,0.17
,,,,,,,,,,TE,Ross Dwelley (31327195),Ross Dwelley,31327195,TE/FLEX,2500,SF@PHI 12/03/2023 04:25PM ET,SF,0.2
,,,,,,,,,,TE,Brayden Willis (31327197),Brayden Willis,31327197,TE/FLEX,2500,SF@PHI 12/03/2023 04:25PM ET,SF,0
,,,,,,,,,,TE,Cameron Latu (31327199),Cameron Latu,31327199,TE/FLEX,2500,SF@PHI 12/03/2023 04:25PM ET,SF,0
,,,,,,,,,,TE,Jake Tonges (31327201),Jake Tonges,31327201,TE/FLEX,2500,SF@PHI 12/03/2023 04:25PM ET,SF,0
,,,,,,,,,,TE,Grant Calcaterra (31327203),Grant Calcaterra,31327203,TE/FLEX,2500,SF@PHI 12/03/2023 04:25PM ET,PHI,0
,,,,,,,,,,TE,Albert Okwuegbunam (31327205),Albert Okwuegbunam,31327205,TE/FLEX,2500,SF@PHI 12/03/2023 04:25PM ET,PHI,0
,,,,,,,,,,TE,Noah Togiai (31327207),Noah Togiai,31327207,TE/FLEX,2500,SF@PHI 12/03/2023 04:25PM ET,PHI,0
,,,,,,,,,,TE,Stone Smartt (31327041),Stone Smartt,31327041,TE/FLEX,2500,LAC@NE 12/03/2023 01:00PM ET,LAC,1.54
,,,,,,,,,,TE,Hunter Kampmoyer (31327181),Hunter Kampmoyer,31327181,TE/FLEX,2500,LAC@NE 12/03/2023 01:00PM ET,LAC,0
,,,,,,,,,,TE,Nick Vannett (31327183),Nick Vannett,31327183,TE/FLEX,2500,LAC@NE 12/03/2023 01:00PM ET,LAC,0
,,,,,,,,,,TE,Stephen Anderson (31327185),Stephen Anderson,31327185,TE/FLEX,2500,LAC@NE 12/03/2023 01:00PM ET,LAC,0
,,,,,,,,,,TE,Mike Gesicki (31327187),Mike Gesicki,31327187,TE/FLEX,2500,LAC@NE 12/03/2023 01:00PM ET,NE,4.11
,,,,,,,,,,TE,Pharaoh Brown (31327189),Pharaoh Brown,31327189,TE/FLEX,2500,LAC@NE 12/03/2023 01:00PM ET,NE,2.73
,,,,,,,,,,TE,Matt Sokol (31327191),Matt Sokol,31327191,TE/FLEX,2500,LAC@NE 12/03/2023 01:00PM ET,NE,0
,,,,,,,,,,TE,Foster Moreau (31327163),Foster Moreau,31327163,TE/FLEX,2500,DET@NO 12/03/2023 01:00PM ET,NO,3.17
,,,,,,,,,,TE,Jimmy Graham (31327165),Jimmy Graham,31327165,TE/FLEX,2500,DET@NO 12/03/2023 01:00PM ET,NO,1.11
,,,,,,,,,,TE,Michael Jacobson (31327167),Michael Jacobson,31327167,TE/FLEX,2500,DET@NO 12/03/2023 01:00PM ET,NO,0
,,,,,,,,,,TE,Zach Wood (31327169),Zach Wood,31327169,TE/FLEX,2500,DET@NO 12/03/2023 01:00PM ET,NO,0
,,,,,,,,,,TE,Tommy Hudson (31327171),Tommy Hudson,31327171,TE/FLEX,2500,DET@NO 12/03/2023 01:00PM ET,NO,0
,,,,,,,,,,TE,Brock Wright (31327173),Brock Wright,31327173,TE/FLEX,2500,DET@NO 12/03/2023 01:00PM ET,DET,2.16
,,,,,,,,,,TE,James Mitchell (31327175),James Mitchell,31327175,TE/FLEX,2500,DET@NO 12/03/2023 01:00PM ET,DET,0
,,,,,,,,,,TE,Shane Zylstra (31327177),Shane Zylstra,31327177,TE/FLEX,2500,DET@NO 12/03/2023 01:00PM ET,DET,0
,,,,,,,,,,TE,Anthony Firkser (31327179),Anthony Firkser,31327179,TE/FLEX,2500,DET@NO 12/03/2023 01:00PM ET,DET,0
,,,,,,,,,,TE,Jeremy Ruckert (31327145),Jeremy Ruckert,31327145,TE/FLEX,2500,ATL@NYJ 12/03/2023 01:00PM ET,NYJ,1.69
,,,,,,,,,,TE,C.J. Uzomah (31327147),C.J. Uzomah,31327147,TE/FLEX,2500,ATL@NYJ 12/03/2023 01:00PM ET,NYJ,1.8
,,,,,,,,,,TE,Kenny Yeboah (31327149),Kenny Yeboah,31327149,TE/FLEX,2500,ATL@NYJ 12/03/2023 01:00PM ET,NYJ,0
,,,,,,,,,,TE,Zack Kuntz (31327151),Zack Kuntz,31327151,TE/FLEX,2500,ATL@NYJ 12/03/2023 01:00PM ET,NYJ,0
,,,,,,,,,,TE,MyCole Pruitt (31327153),MyCole Pruitt,31327153,TE/FLEX,2500,ATL@NYJ 12/03/2023 01:00PM ET,ATL,0.76
,,,,,,,,,,TE,John FitzPatrick (31327155),John FitzPatrick,31327155,TE/FLEX,2500,ATL@NYJ 12/03/2023 01:00PM ET,ATL,0
,,,,,,,,,,TE,Parker Hesse (31327157),Parker Hesse,31327157,TE/FLEX,2500,ATL@NYJ 12/03/2023 01:00PM ET,ATL,0
,,,,,,,,,,TE,Feleipe Franks (31327159),Feleipe Franks,31327159,TE/FLEX,2500,ATL@NYJ 12/03/2023 01:00PM ET,ATL,0
,,,,,,,,,,TE,Tucker Fisk (31327161),Tucker Fisk,31327161,TE/FLEX,2500,ATL@NYJ 12/03/2023 01:00PM ET,ATL,0
,,,,,,,,,,TE,Darnell Washington (31327131),Darnell Washington,31327131,TE/FLEX,2500,ARI@PIT 12/03/2023 01:00PM ET,PIT,0.83
,,,,,,,,,,TE,Connor Heyward (31327133),Connor Heyward,31327133,TE/FLEX,2500,ARI@PIT 12/03/2023 01:00PM ET,PIT,3.07
,,,,,,,,,,TE,Rodney Williams II (31327135),Rodney Williams II,31327135,TE/FLEX,2500,ARI@PIT 12/03/2023 01:00PM ET,PIT,0
,,,,,,,,,,TE,Geoff Swaim (31327137),Geoff Swaim,31327137,TE/FLEX,2500,ARI@PIT 12/03/2023 01:00PM ET,ARI,1.07
,,,,,,,,,,TE,Elijah Higgins (31327139),Elijah Higgins,31327139,TE/FLEX,2500,ARI@PIT 12/03/2023 01:00PM ET,ARI,0.97
,,,,,,,,,,TE,Blake Whiteheart (31327141),Blake Whiteheart,31327141,TE/FLEX,2500,ARI@PIT 12/03/2023 01:00PM ET,ARI,0
,,,,,,,,,,TE,Bernhard Seikovits (31327143),Bernhard Seikovits,31327143,TE/FLEX,2500,ARI@PIT 12/03/2023 01:00PM ET,ARI,0
,,,,,,,,,,TE,Ian Thomas (31327115),Ian Thomas,31327115,TE/FLEX,2500,CAR@TB 12/03/2023 04:05PM ET,CAR,1.07
,,,,,,,,,,TE,Stephen Sullivan (31327117),Stephen Sullivan,31327117,TE/FLEX,2500,CAR@TB 12/03/2023 04:05PM ET,CAR,2.88
,,,,,,,,,,TE,Giovanni Ricci (31327119),Giovanni Ricci,31327119,TE/FLEX,2500,CAR@TB 12/03/2023 04:05PM ET,CAR,0.24
,,,,,,,,,,TE,Jordan Matthews (31327121),Jordan Matthews,31327121,TE/FLEX,2500,CAR@TB 12/03/2023 04:05PM ET,CAR,0
,,,,,,,,,,TE,Payne Durham (31327123),Payne Durham,31327123,TE/FLEX,2500,CAR@TB 12/03/2023 04:05PM ET,TB,1.04
,,,,,,,,,,TE,Ko Kieft (31327125),Ko Kieft,31327125,TE/FLEX,2500,CAR@TB 12/03/2023 04:05PM ET,TB,0
,,,,,,,,,,TE,David Wells (31327127),David Wells,31327127,TE/FLEX,2500,CAR@TB 12/03/2023 04:05PM ET,TB,0.25
,,,,,,,,,,TE,Tanner Taula (31327129),Tanner Taula,31327129,TE/FLEX,2500,CAR@TB 12/03/2023 04:05PM ET,TB,0
,,,,,,,,,,DST,Panthers  (31327226),Panthers ,31327226,DST,2500,CAR@TB 12/03/2023 04:05PM ET,CAR,4.27
,,,,,,,,,,TE,Kylen Granson (31327095),Kylen Granson,31327095,TE/FLEX,2500,IND@TEN 12/03/2023 01:00PM ET,IND,4.5
,,,,,,,,,,TE,Drew Ogletree (31327097),Drew Ogletree,31327097,TE/FLEX,2500,IND@TEN 12/03/2023 01:00PM ET,IND,4.46
,,,,,,,,,,TE,Mo Alie-Cox (31327099),Mo Alie-Cox,31327099,TE/FLEX,2500,IND@TEN 12/03/2023 01:00PM ET,IND,2.02
,,,,,,,,,,TE,Will Mallory (31327101),Will Mallory,31327101,TE/FLEX,2500,IND@TEN 12/03/2023 01:00PM ET,IND,2.52
,,,,,,,,,,TE,Jelani Woods (31327103),Jelani Woods,31327103,TE/FLEX,2500,IND@TEN 12/03/2023 01:00PM ET,IND,0
,,,,,,,,,,TE,Jordan Murray (31327105),Jordan Murray,31327105,TE/FLEX,2500,IND@TEN 12/03/2023 01:00PM ET,IND,0
,,,,,,,,,,TE,Josh Whyle (31327107),Josh Whyle,31327107,TE/FLEX,2500,IND@TEN 12/03/2023 01:00PM ET,TEN,2.18
,,,,,,,,,,TE,Trevon Wesco (31327109),Trevon Wesco,31327109,TE/FLEX,2500,IND@TEN 12/03/2023 01:00PM ET,TEN,0.28
,,,,,,,,,,TE,Kevin Rader (31327111),Kevin Rader,31327111,TE/FLEX,2500,IND@TEN 12/03/2023 01:00PM ET,TEN,0
,,,,,,,,,,TE,Thomas Odukoya (31327113),Thomas Odukoya,31327113,TE/FLEX,2500,IND@TEN 12/03/2023 01:00PM ET,TEN,0
,,,,,,,,,,TE,John Bates (31327075),John Bates,31327075,TE/FLEX,2500,MIA@WAS 12/03/2023 01:00PM ET,WAS,2.34
,,,,,,,,,,TE,Cole Turner (31327077),Cole Turner,31327077,TE/FLEX,2500,MIA@WAS 12/03/2023 01:00PM ET,WAS,2.18
,,,,,,,,,,TE,Curtis Hodges (31327079),Curtis Hodges,31327079,TE/FLEX,2500,MIA@WAS 12/03/2023 01:00PM ET,WAS,0
,,,,,,,,,,TE,Armani Rogers (31327081),Armani Rogers,31327081,TE/FLEX,2500,MIA@WAS 12/03/2023 01:00PM ET,WAS,0
,,,,,,,,,,TE,Brandon Dillon (31327083),Brandon Dillon,31327083,TE/FLEX,2500,MIA@WAS 12/03/2023 01:00PM ET,WAS,0
,,,,,,,,,,TE,Durham Smythe (31327085),Durham Smythe,31327085,TE/FLEX,2500,MIA@WAS 12/03/2023 01:00PM ET,MIA,3.58
,,,,,,,,,,TE,Julian Hill (31327087),Julian Hill,31327087,TE/FLEX,2500,MIA@WAS 12/03/2023 01:00PM ET,MIA,0.27
,,,,,,,,,,TE,Tyler Kroft (31327089),Tyler Kroft,31327089,TE/FLEX,2500,MIA@WAS 12/03/2023 01:00PM ET,MIA,0
,,,,,,,,,,TE,Nick Bowers (31327091),Nick Bowers,31327091,TE/FLEX,2500,MIA@WAS 12/03/2023 01:00PM ET,MIA,0
,,,,,,,,,,TE,Tanner Conner (31327093),Tanner Conner,31327093,TE/FLEX,2500,MIA@WAS 12/03/2023 01:00PM ET,MIA,0
,,,,,,,,,,TE,Chris Manhertz (31327059),Chris Manhertz,31327059,TE/FLEX,2500,DEN@HOU 12/03/2023 01:00PM ET,DEN,0.33
,,,,,,,,,,TE,Nate Adkins (31327061),Nate Adkins,31327061,TE/FLEX,2500,DEN@HOU 12/03/2023 01:00PM ET,DEN,0.78
,,,,,,,,,,TE,Lucas Krull (31327063),Lucas Krull,31327063,TE/FLEX,2500,DEN@HOU 12/03/2023 01:00PM ET,DEN,0
,,,,,,,,,,TE,Mitchell Fraboni (31327065),Mitchell Fraboni,31327065,TE/FLEX,2500,DEN@HOU 12/03/2023 01:00PM ET,DEN,0
,,,,,,,,,,TE,Brevin Jordan (31327067),Brevin Jordan,31327067,TE/FLEX,2500,DEN@HOU 12/03/2023 01:00PM ET,HOU,2.25
,,,,,,,,,,TE,Eric Saubert (31327069),Eric Saubert,31327069,TE/FLEX,2500,DEN@HOU 12/03/2023 01:00PM ET,HOU,0
,,,,,,,,,,TE,Teagan Quitoriano (31327071),Teagan Quitoriano,31327071,TE/FLEX,2500,DEN@HOU 12/03/2023 01:00PM ET,HOU,0.76
,,,,,,,,,,TE,Dalton Keene (31327073),Dalton Keene,31327073,TE/FLEX,2500,DEN@HOU 12/03/2023 01:00PM ET,HOU,0
,,,,,,,,,,TE,Davis Allen (31327043),Davis Allen,31327043,TE/FLEX,2500,CLE@LAR 12/03/2023 04:25PM ET,LAR,0.18
,,,,,,,,,,TE,Hunter Long (31327045),Hunter Long,31327045,TE/FLEX,2500,CLE@LAR 12/03/2023 04:25PM ET,LAR,0
,,,,,,,,,,TE,Brycen Hopkins (31327047),Brycen Hopkins,31327047,TE/FLEX,2500,CLE@LAR 12/03/2023 04:25PM ET,LAR,0.61
,,,,,,,,,,TE,Miller Forristall (31327049),Miller Forristall,31327049,TE/FLEX,2500,CLE@LAR 12/03/2023 04:25PM ET,LAR,0
,,,,,,,,,,TE,Nikola Kalinic (31327051),Nikola Kalinic,31327051,TE/FLEX,2500,CLE@LAR 12/03/2023 04:25PM ET,LAR,0
,,,,,,,,,,TE,Harrison Bryant (31327053),Harrison Bryant,31327053,TE/FLEX,2500,CLE@LAR 12/03/2023 04:25PM ET,CLE,1.64
,,,,,,,,,,TE,Jordan Akins (31327055),Jordan Akins,31327055,TE/FLEX,2500,CLE@LAR 12/03/2023 04:25PM ET,CLE,0.96
,,,,,,,,,,TE,Zaire Mitchell-Paden (31327057),Zaire Mitchell-Paden,31327057,TE/FLEX,2500,CLE@LAR 12/03/2023 04:25PM ET,CLE,0
,,,,,,,,,,DST,Patriots  (31327227),Patriots ,31327227,DST,2400,LAC@NE 12/03/2023 01:00PM ET,NE,5.73
,,,,,,,,,,DST,Commanders  (31327228),Commanders ,31327228,DST,2300,MIA@WAS 12/03/2023 01:00PM ET,WAS,4.33
